Diameter ist in mm angegeben
in URl ist es "caseDiameter=" und CODE entspricht zu MM

Hier sind alle mögliche Varianten für alle Marken usw

00
caseDiameter=10
11
12
13
14
15
16
17
18
19
20
21
22
23
24
25
26
27
28
29
30
31
32
33
34
35
36
37
38
39
40
41
42
43
44
45
46
47
48
49
50
51
52
53
54
55
56
57
58
59
60
61
62
63
64
65
66
67
68
69
70
71
72
73
74
75
76
77
78
79
80
82
83
84
85
86
87
89
90
92
94
95
96
97
100
101
102
103
105
108
109
110
111
115
116
120
122
124
125
126
127
128
130
131
132
135
139
140
142
143
145
147
148
150
151
152
153
154
155
160
164
165
170
175
180
183
185
190
195
199
200
201
210
213
218
222
223
225
228
230
233
235
238
240
243
244
245
246
250
255
256
257
260
263
265
270
271
272
275
276
280
283
290
292
300
303
305
310
312
316
318
320
322
324
326
328
330
334
340
345
350
355
358
360
361
365
366
370
373
375
377
380
383
384
390
391
393
394
395
400
401
402
404
408
410
411
415
420
424
425
426
430
431
434
435
440
441
444
445
448
450
454
455
458
476
480
490
504
506
516
520
543
544
545
548
550
554
595
600
605
620
625
650
655
665
720
750
820
keine Angabe ---  caseDiameter=NODATA
